 System CEF verification H-O
   2   2   0   4   0
 H                        O
     1.00794000              15.99940000
   6   1   2   3   4   5   6
   6   1   2   3   4   5   6
CEF_COUPLED                 = MIXTURE PHASE =  2
SUBL
H:H
 4  1     2.00    0.00
  6000.0000       0.0000000       0.0000000       0.0000000       0.0000000       0.0000000       0.0000000
 1 0.00000000       0.00
H:O
 4  1     1.00    1.00
  6000.0000       0.0000000       0.0000000       0.0000000       0.0000000       0.0000000       0.0000000
 1 0.00000000       0.00
O:H
 4  1     1.00    1.00
  6000.0000       0.0000000       0.0000000       0.0000000       0.0000000       0.0000000       0.0000000
 1 0.00000000       0.00
O:O
 4  1     0.00    2.00
  6000.0000       0.0000000       0.0000000       0.0000000       0.0000000       0.0000000       0.0000000
 1 0.00000000       0.00
   2
   1.00000   1.00000
   2   2
 H                        O
 H                        O
   1   1   2   2
   1   2   1   2
   4
   1   2   3   4   2
   5000.0000       0.0000000       0.0000000       0.0000000       0.0000000       0.0000000
  -3000.0000       0.0000000       0.0000000       0.0000000       0.0000000       0.0000000
   0
###################################################
